position 1 - open
[0.43411657 0.05522331 0.35895151 1.18883514 0.36508745]
position 2 - open
[-0.43411657 0.05522331 0.35895151 1.18883514 -0.36508745]
intermediate - open
[-1.24099052  0.05368933  0.36048549  1.11673808  0.27918452]

draft poses
[0.43411657 0.05522331 0.11895151 1.18883514 0.36508745]
[0.45252433 0.16413595 0.45405832 1.05537879 0.4310486 ]
[0.43411657 0.05522331 0.11895151 1.18883514 0.36508745]
[-1.25633025  0.11504856  0.11446606  1.17809725 -1.31615555]
[-1.25633025  0.19634955  0.40036899  1.01856327 -1.31615555]
[-1.25633025  0.11504856  0.11446606  1.17809725 -1.31615555]
[-0.43411657 0.05522331 0.11895151 1.18883514 -0.36508745]
[-0.39576706  0.14112623  0.46939814  1.07378662 -0.45866027]
[-0.43411657 0.05522331 0.11895151 1.18883514 -0.36508745]
[0.43411657 0.05522331 0.11895151 1.18883514 0.36508745]
[0.45252433 0.16413595 0.45405832 1.05537879 0.4310486 ]
[0.43411657 0.05522331 0.11895151 1.18883514 0.36508745]
[-1.25633025  0.11504856  0.11446606  1.17809725 -1.31615555]
[-1.25633025  0.19634955  0.40036899  1.01856327 -1.31615555]
[-1.25633025  0.11504856  0.11446606  1.17809725 -1.31615555]
[-0.43411657 0.05522331 0.11895151 1.18883514 -0.36508745]
[-0.39576706  0.14112623  0.46939814  1.07378662 -0.45866027]
[-0.43411657 0.05522331 0.11895151 1.18883514 -0.36508745]


k:
- 918.3599853515625
- 0.0
- 661.1923217773438
- 0.0
- 919.1538696289062
- 356.59722900390625
- 0.0
- 0.0
- 1.0

K1 = [1024.5631202586512, 0.0, 629.8451679065671, 0.0, 1022.7685734348942, 339.1100862364773, 0.0, 0.0, 1.0]
K2 = [934.0978043678336, 0.0, 656.8129417548918, 0.0, 924.87863700665, 308.5314401798863, 0.0, 0.0, 1.0]
K3 = [927.422796032902, 0.0, 739.4596458495444, 0.0, 928.2048090705289, 339.41795487054844, 0.0, 0.0, 1.0]
