[ 0.44025251 -0.0720971   0.25464082  1.32535946  0.40190297]
[0.44945639 0.13499032 0.48013601 0.99248558 0.41110685]
[ 0.44025251 -0.0720971   0.25464082  1.32535946  0.40190297]

[-1.25019443 -0.04601942  0.19481556  1.35450506  0.3129321 ]
[-1.24099052  0.18714567  0.39269909  1.03236914  0.31446606]
[-1.25019443 -0.04601942  0.19481556  1.35450506  0.3129321 ]

[-0.41110685 -0.0398835   0.30526218  1.27320409 -0.51388359]
[-0.39423308  0.13805827  0.48166999  0.98328173 -0.45712629]
[-0.41110685 -0.0398835   0.30526218  1.27320409 -0.51388359]

[ 0.44025251 -0.0720971   0.25464082  1.32535946  0.40190297]
[0.44945639 0.13499032 0.48013601 0.99248558 0.41110685]
[ 0.44025251 -0.0720971   0.25464082  1.32535946  0.40190297]

[-1.25019443 -0.04601942  0.19481556  1.35450506  0.3129321 ]
[-1.24099052  0.18714567  0.39269909  1.03236914  0.31446606]
[-1.25019443 -0.04601942  0.19481556  1.35450506  0.3129321 ]

[-0.41110685 -0.0398835   0.30526218  1.27320409 -0.51388359]
[-0.39423308  0.13805827  0.48166999  0.98328173 -0.45712629]
[-0.41110685 -0.0398835   0.30526218  1.27320409 -0.51388359]
